15.0	-0.5622	-0.5547	-0.5326
30.0	-0.5250	-0.5130	-0.4869
45.0	-0.5168	-0.4978	-0.4753
60.0	-0.4916	-0.4609	-0.4436
75.0	-0.4758	-0.4425	-0.4144
90.0	-0.4586	-0.4267	-0.3717
105.0	-0.4414	-0.4126	-0.3492
120.0	-0.4251	-0.3808	-0.2088
135.0	-0.4181	-0.3405	0.0715
150.0	-0.4168	-0.3178	0.6455
165.0	-0.4236	-0.3110	1.0265
180.0	-0.4252	-0.3142	1.4421
195.0	-0.4240	-0.3105	1.7725
210.0	-0.4235	-0.2925	2.3102
225.0	-0.4241	-0.1537	3.7128
240.0	-0.4276	-0.1381	4.0663
255.0	-0.4292	-0.1285	4.0968
270.0	-0.4302	-0.1254	4.5546
285.0	-0.4305	-0.1221	5.1871
300.0	-0.4355	-0.1189	4.9790
315.0	-0.4362	-0.1178	5.4406
330.0	-0.4366	-0.1082	4.9577
345.0	-0.4392	-0.1137	5.1395
360.0	-0.4427	-0.1270	6.1032
375.0	-0.4454	-0.1467	5.9456
390.0	-0.4451	-0.1577	6.0500
405.0	-0.4440	-0.1910	6.2477
420.0	-0.4454	-0.2060	6.2711
435.0	-0.4471	-0.1981	6.1909
450.0	-0.4460	-0.2303	6.5189
465.0	-0.4387	-0.2300	6.4170
480.0	-0.4449	-0.2537	6.3994
495.0	-0.4475	-0.2668	6.5364
510.0	-0.4480	-0.2417	6.5569
525.0	-0.4487	-0.2778	6.4766
540.0	-0.4513	-0.2835	6.3236
555.0	-0.4564	-0.2957	6.4892
570.0	-0.4549	-0.2845	6.7105
585.0	-0.4585	-0.2747	6.8976
600.0	-0.4550	-0.2815	6.7852
615.0	-0.4570	-0.3131	6.7990
630.0	-0.4556	-0.3213	6.7521
645.0	-0.4515	-0.3252	6.7235
660.0	-0.4547	-0.3193	6.6060
675.0	-0.4531	-0.3167	6.5391
690.0	-0.4662	-0.3166	6.7867
705.0	-0.4702	-0.3043	6.7794
720.0	-0.4799	-0.3004	6.8080
735.0	-0.4967	-0.2985	6.8433
750.0	-0.4871	-0.2931	6.9723
765.0	-0.4789	-0.2478	6.7875
780.0	-0.4744	-0.2363	6.7329
795.0	-0.4589	-0.2434	6.6443
810.0	-0.4620	-0.2579	6.2841
825.0	-0.4648	-0.2691	6.6341
840.0	-0.4706	-0.2988	6.5362
855.0	-0.4832	-0.2995	6.6491
870.0	-0.4895	-0.3597	6.4487
885.0	-0.4870	-0.3765	6.6088
900.0	-0.4955	-0.3759	6.7354
915.0	-0.4924	-0.3786	6.4162
930.0	-0.4852	-0.3775	5.9409
945.0	-0.4835	-0.3815	6.4179
960.0	-0.4774	-0.3791	6.5115
975.0	-0.4759	-0.3786	6.6043
990.0	-0.4740	-0.3645	6.5132
1005.0	-0.4656	-0.3718	6.3254
1020.0	-0.4720	-0.3775	6.4962
1035.0	-0.4762	-0.3808	6.4267
1050.0	-0.4867	-0.3810	6.6467
1065.0	-0.4911	-0.3805	6.6112
1080.0	-0.4982	-0.3802	6.6061
1095.0	-0.5434	-0.3791	6.8813
1110.0	-0.5202	-0.3799	6.6368
1125.0	-0.5287	-0.3800	6.5107
1140.0	-0.5307	-0.3787	6.3898
1155.0	-0.5359	-0.3789	6.5946
1170.0	-0.5344	-0.3782	6.2832
1185.0	-0.5251	-0.3758	6.6518
1200.0	-0.5008	-0.3752	6.6388
1215.0	-0.4896	-0.3760	6.7190
1230.0	-0.4643	-0.3481	6.5220
1245.0	-0.4630	-0.2943	6.6667
1260.0	-0.4632	-0.3092	6.4336
1275.0	-0.4634	-0.3276	6.1806
1290.0	-0.4509	-0.3426	6.8572
1305.0	-0.4840	-0.3507	6.7128
1320.0	-0.5282	-0.3634	6.7027
1335.0	-0.5705	-0.3787	6.8940
1350.0	-0.5663	-0.3781	6.8238
1365.0	-0.5521	-0.3775	6.7809
1380.0	-0.5479	-0.1507	6.8268
1395.0	-0.5584	-0.1027	7.0567
1410.0	-0.5652	-0.0172	7.0205
1425.0	-0.5599	0.3932	7.1705
1440.0	-0.5393	0.3773	7.1654
1455.0	-0.5307	0.7579	7.0466
1470.0	-0.5304	0.9473	7.1959
1485.0	-0.5418	1.2483	7.2071
1500.0	-0.5472	1.1344	7.2239
1515.0	-0.5555	1.0336	7.1038
1530.0	-0.5616	0.7736	7.1094
1545.0	-0.5644	0.5359	7.0187
1560.0	-0.5548	0.3682	6.9916
1575.0	-0.5547	0.4074	7.0773
1590.0	-0.5415	0.6448	6.6468
1605.0	-0.5529	0.7070	6.6511
1620.0	-0.5655	0.7407	6.8421
1635.0	-0.5656	0.7646	6.9180
1650.0	-0.5589	0.8991	6.4970
1665.0	-0.5507	0.9796	6.6175
1680.0	-0.5528	1.0706	6.5225
1695.0	-0.5523	0.9060	6.6075
1710.0	-0.5533	0.8092	6.5921
1725.0	-0.5445	0.6168	6.4268
1740.0	-0.5529	0.5331	6.5149
1755.0	-0.5411	0.4461	6.4829
1770.0	-0.5407	0.3415	6.3790
1785.0	-0.5307	0.2869	6.6821
1800.0	-0.5350	0.1463	6.6249
1815.0	-0.5318	0.0471	6.7849
1830.0	-0.5497	-0.0183	6.5783
1845.0	-0.5441	0.0015	6.9119
1860.0	-0.5643	-0.1032	6.9579
1875.0	-0.5495	-0.1993	6.8743
1890.0	-0.5583	0.0117	6.8512
1905.0	-0.5488	0.6767	7.0749
1920.0	-0.5484	1.0899	6.7459
1935.0	-0.5497	1.0261	7.0880
1950.0	-0.5501	1.0829	6.9734
1965.0	-0.5338	1.6061	6.9968
1980.0	-0.5530	1.5100	6.7993
1995.0	-0.5524	1.6595	6.7710
2010.0	-0.5548	2.1163	6.5090
2025.0	-0.5470	2.0786	6.5776
2040.0	-0.5458	1.9486	7.2457
2055.0	-0.5543	1.7834	7.5463
2070.0	-0.5630	1.5506	7.6963
2085.0	-0.5532	1.6138	7.3997
2100.0	-0.5426	2.0462	8.2286
2115.0	-0.5535	2.3126	7.7471
2130.0	-0.5567	2.3954	7.7154
2145.0	-0.5562	2.3260	7.6885
2160.0	-0.5254	2.2190	8.0372
2175.0	-0.5260	1.9446	7.8311
2190.0	-0.5262	2.0145	7.5431
2205.0	-0.5281	2.1701	7.5244
2220.0	-0.5375	2.3596	8.0074
2235.0	-0.5378	2.4927	7.6068
2250.0	-0.5459	2.4502	7.7891
2265.0	-0.5375	2.5605	7.9544
2280.0	-0.5346	2.5467	7.5158
2295.0	-0.5338	2.4887	6.9832
2310.0	-0.5462	2.4741	7.7875
2325.0	-0.5466	2.3760	7.7923
2340.0	-0.5715	2.3426	7.7413
2355.0	-0.5802	2.3774	8.2548
2370.0	-0.5804	2.5281	8.1629
2385.0	-0.5839	2.3040	8.1821
2400.0	-0.5947	1.8708	7.9763
2415.0	-0.5860	1.6594	8.0622
2430.0	-0.5738	1.7524	7.9766
2445.0	-0.5677	2.1604	8.5056
2460.0	-0.5675	2.1948	8.4510
2475.0	-0.5675	2.2669	8.7027
2490.0	-0.5524	2.1144	8.1806
2505.0	-0.5524	2.0075	7.9562
2520.0	-0.5470	1.6908	8.4713
2535.0	-0.5475	1.6544	8.5550
2550.0	-0.5509	1.7220	8.6054
2565.0	-0.5279	1.4121	8.0860
2580.0	-0.5310	1.0745	8.3602
2595.0	-0.5431	1.0315	8.3183
2610.0	-0.5267	1.0228	8.7052
2625.0	-0.5353	1.0065	8.7586
2640.0	-0.5551	1.0287	8.7911
2655.0	-0.5553	1.3195	8.8374
2670.0	-0.5738	1.6515	8.8043
2685.0	-0.5728	1.6341	8.6593
2700.0	-0.5681	1.8243	8.8348
2715.0	-0.5673	2.0961	8.4695
2730.0	-0.5637	2.2089	8.7590
2745.0	-0.5634	2.1947	9.1189
2760.0	-0.5633	2.1611	8.7755
2775.0	-0.5633	2.3706	8.6764
2790.0	-0.5643	2.3449	8.4510
2805.0	-0.5716	2.3441	8.6030
2820.0	-0.5709	2.4308	8.5967
2835.0	-0.5732	2.3685	8.4509
2850.0	-0.5738	2.2618	8.1045
2865.0	-0.5736	2.1067	8.1049
2880.0	-0.5812	1.9319	8.1345
2895.0	-0.5545	1.9037	8.1400
2910.0	-0.5506	1.6449	8.1325
2925.0	-0.5519	1.5581	8.4109
2940.0	-0.5523	1.6748	8.3699
2955.0	-0.5417	1.9713	8.4573
2970.0	-0.5369	1.9458	8.3353
2985.0	-0.5394	2.0648	8.3193
