15.0	-0.5892	-0.5872	-0.5836
30.0	-0.5930	-0.5910	-0.5201
45.0	-0.5937	-0.5920	-0.5419
60.0	-0.5950	-0.5926	-0.5561
75.0	-0.5959	-0.5867	-0.5601
90.0	-0.5963	-0.5883	-0.5556
105.0	-0.5968	-0.5901	-0.5708
120.0	-0.5974	-0.5958	-0.5699
135.0	-0.5977	-0.5954	-0.5704
150.0	-0.5980	-0.5961	-0.5571
165.0	-0.5982	-0.5958	-0.5529
180.0	-0.5980	-0.5958	-0.5498
195.0	-0.5980	-0.5963	-0.5464
210.0	-0.5983	-0.5965	-0.5507
225.0	-0.5985	-0.5968	-0.5509
240.0	-0.5985	-0.5969	-0.5449
255.0	-0.5987	-0.5962	-0.5705
270.0	-0.5990	-0.5970	-0.5709
285.0	-0.5987	-0.5906	-0.5657
300.0	-0.5986	-0.5906	-0.5656
315.0	-0.5988	-0.5827	-0.5661
330.0	-0.5989	-0.5907	-0.5763
345.0	-0.5990	-0.5971	-0.5763
360.0	-0.5990	-0.5975	-0.5687
375.0	-0.5986	-0.5931	-0.5668
390.0	-0.5989	-0.5930	-0.5616
405.0	-0.5990	-0.5860	-0.5571
420.0	-0.5992	-0.5822	-0.5619
435.0	-0.5991	-0.5820	-0.5525
450.0	-0.5991	-0.5824	-0.5606
465.0	-0.5990	-0.5881	-0.5622
480.0	-0.5994	-0.5958	-0.5747
495.0	-0.5993	-0.5972	-0.5760
510.0	-0.5994	-0.5974	-0.5560
525.0	-0.5994	-0.5977	-0.5519
540.0	-0.5994	-0.5977	-0.5522
555.0	-0.5992	-0.5859	-0.5731
570.0	-0.5992	-0.5861	-0.5704
585.0	-0.5989	-0.5859	-0.5731
600.0	-0.5986	-0.5852	-0.5629
615.0	-0.5986	-0.5912	-0.5737
630.0	-0.5987	-0.5911	-0.5656
645.0	-0.5988	-0.5961	-0.5735
660.0	-0.5994	-0.5910	-0.5523
675.0	-0.5994	-0.5913	-0.5541
690.0	-0.5995	-0.5889	-0.5509
705.0	-0.5995	-0.5840	-0.5602
720.0	-0.5996	-0.5886	-0.5601
735.0	-0.5995	-0.5799	-0.5573
750.0	-0.5995	-0.5971	-0.5574
765.0	-0.5995	-0.5905	-0.5777
780.0	-0.5994	-0.5977	-0.5808
795.0	-0.5995	-0.5978	-0.5794
810.0	-0.5995	-0.5974	-0.5793
825.0	-0.5996	-0.5975	-0.5791
840.0	-0.5996	-0.5977	-0.5833
855.0	-0.5994	-0.5979	-0.5762
870.0	-0.5995	-0.5976	-0.5777
885.0	-0.5995	-0.5974	-0.5772
900.0	-0.5995	-0.5970	-0.5771
915.0	-0.5994	-0.5955	-0.5762
930.0	-0.5995	-0.5952	-0.5618
945.0	-0.5994	-0.5963	-0.5622
960.0	-0.5994	-0.5957	-0.5615
975.0	-0.5993	-0.5954	-0.5742
990.0	-0.5993	-0.5961	-0.5741
1005.0	-0.5993	-0.5968	-0.5575
1020.0	-0.5994	-0.5963	-0.5574
1035.0	-0.5992	-0.5903	-0.5701
1050.0	-0.5994	-0.5915	-0.5707
1065.0	-0.5994	-0.5848	-0.5684
1080.0	-0.5995	-0.5890	-0.5391
1095.0	-0.5997	-0.5892	-0.5320
1110.0	-0.5997	-0.5829	-0.5434
1125.0	-0.5997	-0.5896	-0.5622
1140.0	-0.5998	-0.5818	-0.5286
1155.0	-0.5996	-0.5897	-0.5188
1170.0	-0.5995	-0.5964	-0.5597
1185.0	-0.5994	-0.5964	-0.5723
1200.0	-0.5993	-0.5965	-0.5701
1215.0	-0.5991	-0.5966	-0.5660
1230.0	-0.5992	-0.5917	-0.5688
1245.0	-0.5992	-0.5917	-0.5477
1260.0	-0.5988	-0.5875	-0.5635
1275.0	-0.5988	-0.5822	-0.5576
1290.0	-0.5967	-0.5800	-0.5578
1305.0	-0.5972	-0.5826	-0.5418
1320.0	-0.5987	-0.5827	-0.5412
1335.0	-0.5980	-0.5780	-0.5007
1350.0	-0.5982	-0.5780	-0.3699
1365.0	-0.5986	-0.5733	-0.3093
1380.0	-0.5989	-0.5673	-0.2614
1395.0	-0.5994	-0.5673	-0.1701
1410.0	-0.5993	-0.5704	-0.0270
1425.0	-0.5992	-0.5824	0.0087
1440.0	-0.5993	-0.5792	-0.0296
1455.0	-0.5992	-0.5668	0.2018
1470.0	-0.5994	-0.5732	0.1840
1485.0	-0.5995	-0.5748	0.3461
1500.0	-0.5995	-0.5749	0.4474
1515.0	-0.5995	-0.5745	0.3812
1530.0	-0.5995	-0.5776	0.3302
1545.0	-0.5994	-0.5684	0.1541
1560.0	-0.5994	-0.5755	0.2078
1575.0	-0.5993	-0.5753	0.1554
1590.0	-0.5993	-0.5752	-0.0161
1605.0	-0.5993	-0.5660	-0.0872
1620.0	-0.5992	-0.5720	-0.1498
1635.0	-0.5993	-0.5726	-0.1803
1650.0	-0.5993	-0.5807	0.0371
1665.0	-0.5994	-0.5833	0.1585
1680.0	-0.5994	-0.5906	1.1973
1695.0	-0.5994	-0.5830	2.4055
1710.0	-0.5994	-0.5877	2.7795
1725.0	-0.5995	-0.5851	2.3958
1740.0	-0.5994	-0.5826	2.3116
1755.0	-0.5992	-0.5815	2.1419
1770.0	-0.5992	-0.5814	1.8620
1785.0	-0.5993	-0.5814	1.5139
1800.0	-0.5993	-0.5974	1.6945
1815.0	-0.5993	-0.5906	1.8331
1830.0	-0.5992	-0.5932	1.7366
1845.0	-0.5992	-0.5933	1.7628
1860.0	-0.5994	-0.5890	1.8650
1875.0	-0.5993	-0.5931	1.7950
1890.0	-0.5993	-0.5891	1.5998
1905.0	-0.5994	-0.5869	1.5872
1920.0	-0.5994	-0.5868	1.8635
1935.0	-0.5995	-0.5848	1.8047
1950.0	-0.5995	-0.5821	1.8372
1965.0	-0.5994	-0.5731	1.7183
1980.0	-0.5995	-0.5717	1.6898
1995.0	-0.5995	-0.5507	1.7680
2010.0	-0.5995	-0.5383	1.7318
2025.0	-0.5995	-0.5431	1.7831
2040.0	-0.5996	-0.5442	1.9012
2055.0	-0.5996	-0.5549	2.1807
2070.0	-0.5994	-0.5589	2.4136
2085.0	-0.5993	-0.5715	2.3991
2100.0	-0.5993	-0.5790	2.6442
2115.0	-0.5993	-0.5810	2.6442
2130.0	-0.5993	-0.5817	2.5064
2145.0	-0.5993	-0.5742	2.5345
2160.0	-0.5992	-0.5667	2.3829
2175.0	-0.5994	-0.5774	2.4967
2190.0	-0.5992	-0.5679	2.7618
2205.0	-0.5992	-0.5679	2.8662
2220.0	-0.5995	-0.5775	3.2348
2235.0	-0.5996	-0.5779	3.4639
2250.0	-0.5995	-0.5712	3.4451
2265.0	-0.5994	-0.5708	3.2279
2280.0	-0.5993	-0.5709	3.2561
2295.0	-0.5993	-0.5740	3.3234
2310.0	-0.5992	-0.5829	3.2458
2325.0	-0.5990	-0.5850	3.1803
2340.0	-0.5991	-0.5849	6.9906
2355.0	-0.5992	-0.5850	6.8294
2370.0	-0.5993	-0.5896	7.0245
2385.0	-0.5993	-0.5901	6.9685
2400.0	-0.5993	-0.5904	6.7066
2415.0	-0.5995	-0.5905	6.9221
2430.0	-0.5994	-0.5588	6.2391
2445.0	-0.5994	-0.5591	5.1747
2460.0	-0.5994	-0.5546	6.0761
2475.0	-0.5993	-0.5544	6.4962
2490.0	-0.5993	-0.5510	6.8560
2505.0	-0.5993	-0.5446	6.6922
2520.0	-0.5994	-0.5357	6.5152
2535.0	-0.5995	-0.5449	6.1194
2550.0	-0.5995	-0.5579	6.3109
2565.0	-0.5994	-0.5535	6.2116
2580.0	-0.5993	-0.5533	6.2324
2595.0	-0.5993	-0.5706	5.7790
2610.0	-0.5990	-0.5772	6.2664
2625.0	-0.5989	-0.5680	6.1549
2640.0	-0.5988	-0.5678	5.3750
2655.0	-0.5988	-0.5675	5.7433
2670.0	-0.5995	-0.5761	6.8432
2685.0	-0.5991	-0.5690	6.7959
2700.0	-0.5990	-0.5693	6.5912
2715.0	-0.5990	-0.5692	6.7027
2730.0	-0.5990	-0.5692	6.8768
2745.0	-0.5989	-0.5663	6.7837
2760.0	-0.5989	-0.5664	6.7942
2775.0	-0.5987	-0.5784	6.6565
2790.0	-0.5986	-0.5812	6.7849
2805.0	-0.5986	-0.5808	6.9841
2820.0	-0.5987	-0.5803	6.9274
2835.0	-0.5988	-0.5801	6.7453
2850.0	-0.5996	-0.5892	6.7532
2865.0	-0.5989	-0.5825	6.7830
2880.0	-0.5991	-0.5790	6.7718
2895.0	-0.5990	-0.5795	6.7831
2910.0	-0.5991	-0.5514	6.9466
2925.0	-0.5980	-0.5519	5.9189
2940.0	-0.5979	-0.5505	6.5458
2955.0	-0.5975	-0.5370	6.7300
2970.0	-0.5995	-0.5615	6.6592
2985.0	-0.5995	-0.5675	6.4520
