15.0	-0.5910	-0.5885	-0.5846
30.0	-0.5938	-0.5922	-0.5889
45.0	-0.5949	-0.5938	-0.5916
60.0	-0.5955	-0.5941	-0.5923
75.0	-0.5960	-0.5947	-0.5931
90.0	-0.5962	-0.5950	-0.5937
105.0	-0.5972	-0.5962	-0.5951
120.0	-0.5979	-0.5968	-0.5961
135.0	-0.5981	-0.5970	-0.5937
150.0	-0.5980	-0.5970	-0.5938
165.0	-0.5979	-0.5972	-0.5960
180.0	-0.5982	-0.5970	-0.5962
195.0	-0.5981	-0.5970	-0.5961
210.0	-0.5981	-0.5974	-0.5964
225.0	-0.5980	-0.5973	-0.5964
240.0	-0.5979	-0.5975	-0.5966
255.0	-0.5980	-0.5975	-0.5966
270.0	-0.5980	-0.5973	-0.5966
285.0	-0.5984	-0.5975	-0.5969
300.0	-0.5984	-0.5975	-0.5969
315.0	-0.5983	-0.5976	-0.5969
330.0	-0.5985	-0.5977	-0.5968
345.0	-0.5982	-0.5976	-0.5966
360.0	-0.5983	-0.5976	-0.5967
375.0	-0.5983	-0.5976	-0.5965
390.0	-0.5986	-0.5978	-0.5967
405.0	-0.5986	-0.5978	-0.5969
420.0	-0.5984	-0.5975	-0.5969
435.0	-0.5981	-0.5973	-0.5967
450.0	-0.5984	-0.5973	-0.5966
465.0	-0.5985	-0.5973	-0.5966
480.0	-0.5982	-0.5975	-0.5967
495.0	-0.5982	-0.5975	-0.5966
510.0	-0.5982	-0.5975	-0.5968
525.0	-0.5980	-0.5972	-0.5945
540.0	-0.5981	-0.5971	-0.5943
555.0	-0.5981	-0.5974	-0.5940
570.0	-0.5983	-0.5972	-0.5889
585.0	-0.5985	-0.5970	-0.5881
600.0	-0.5983	-0.5970	-0.5882
615.0	-0.5984	-0.5973	-0.5963
630.0	-0.5985	-0.5972	-0.5965
645.0	-0.5983	-0.5968	-0.5888
660.0	-0.5983	-0.5970	-0.5889
675.0	-0.5982	-0.5972	-0.5939
690.0	-0.5983	-0.5974	-0.5943
705.0	-0.5983	-0.5976	-0.5941
720.0	-0.5983	-0.5976	-0.5896
735.0	-0.5984	-0.5977	-0.5942
750.0	-0.5981	-0.5975	-0.5963
765.0	-0.5981	-0.5974	-0.5966
780.0	-0.5982	-0.5973	-0.5964
795.0	-0.5983	-0.5975	-0.5967
810.0	-0.5985	-0.5975	-0.5967
825.0	-0.5981	-0.5975	-0.5966
840.0	-0.5982	-0.5976	-0.5968
855.0	-0.5981	-0.5977	-0.5968
870.0	-0.5978	-0.5975	-0.5969
885.0	-0.5980	-0.5977	-0.5970
900.0	-0.5980	-0.5977	-0.5971
915.0	-0.5981	-0.5975	-0.5967
930.0	-0.5980	-0.5974	-0.5967
945.0	-0.5981	-0.5975	-0.5967
960.0	-0.5978	-0.5971	-0.5941
975.0	-0.5977	-0.5973	-0.5941
990.0	-0.5979	-0.5972	-0.5939
1005.0	-0.5982	-0.5973	-0.5936
1020.0	-0.5982	-0.5976	-0.5959
1035.0	-0.5981	-0.5970	-0.5964
1050.0	-0.5982	-0.5971	-0.5965
1065.0	-0.5983	-0.5975	-0.5971
1080.0	-0.5981	-0.5977	-0.5945
1095.0	-0.5983	-0.5975	-0.5940
1110.0	-0.5985	-0.5979	-0.5942
1125.0	-0.5985	-0.5978	-0.5943
1140.0	-0.5983	-0.5977	-0.5942
1155.0	-0.5983	-0.5978	-0.5941
1170.0	-0.5983	-0.5976	-0.5960
1185.0	-0.5985	-0.5980	-0.5966
1200.0	-0.5987	-0.5979	-0.5969
1215.0	-0.5985	-0.5979	-0.5965
1230.0	-0.5983	-0.5980	-0.5965
1245.0	-0.5983	-0.5977	-0.5962
1260.0	-0.5983	-0.5977	-0.5964
1275.0	-0.5983	-0.5975	-0.5960
1290.0	-0.5984	-0.5976	-0.5958
1305.0	-0.5985	-0.5975	-0.5961
1320.0	-0.5985	-0.5975	-0.5964
1335.0	-0.5982	-0.5975	-0.5963
1350.0	-0.5983	-0.5977	-0.5963
1365.0	-0.5984	-0.5976	-0.5966
1380.0	-0.5985	-0.5978	-0.5967
1395.0	-0.5987	-0.5979	-0.5971
1410.0	-0.5990	-0.5979	-0.5971
1425.0	-0.5990	-0.5978	-0.5971
1440.0	-0.5988	-0.5978	-0.5969
1455.0	-0.5987	-0.5978	-0.5972
1470.0	-0.5986	-0.5979	-0.5971
1485.0	-0.5993	-0.5982	-0.5973
1500.0	-0.5994	-0.5981	-0.5970
1515.0	-0.5986	-0.5979	-0.5951
1530.0	-0.5989	-0.5979	-0.5882
1545.0	-0.5990	-0.5980	-0.5878
1560.0	-0.5990	-0.5978	-0.5944
1575.0	-0.5993	-0.5977	-0.5946
1590.0	-0.5992	-0.5977	-0.5944
1605.0	-0.5993	-0.5975	-0.5970
1620.0	-0.5990	-0.5974	-0.5969
1635.0	-0.5993	-0.5980	-0.5972
1650.0	-0.5993	-0.5979	-0.5974
1665.0	-0.5994	-0.5981	-0.5975
1680.0	-0.5993	-0.5981	-0.5976
1695.0	-0.5992	-0.5983	-0.5974
1710.0	-0.5992	-0.5984	-0.5976
1725.0	-0.5993	-0.5984	-0.5977
1740.0	-0.5994	-0.5981	-0.5975
1755.0	-0.5994	-0.5983	-0.5977
1770.0	-0.5994	-0.5980	-0.5975
1785.0	-0.5993	-0.5980	-0.5973
1800.0	-0.5991	-0.5980	-0.5972
1815.0	-0.5991	-0.5977	-0.5971
1830.0	-0.5991	-0.5978	-0.5969
1845.0	-0.5991	-0.5978	-0.5967
1860.0	-0.5991	-0.5978	-0.5966
1875.0	-0.5992	-0.5979	-0.5971
1890.0	-0.5992	-0.5979	-0.5968
1905.0	-0.5992	-0.5975	-0.5948
1920.0	-0.5995	-0.5979	-0.5968
1935.0	-0.5994	-0.5978	-0.5971
1950.0	-0.5993	-0.5981	-0.5969
1965.0	-0.5993	-0.5982	-0.5970
1980.0	-0.5993	-0.5983	-0.5971
1995.0	-0.5993	-0.5983	-0.5973
2010.0	-0.5993	-0.5981	-0.5971
2025.0	-0.5993	-0.5982	-0.5973
2040.0	-0.5994	-0.5983	-0.5973
2055.0	-0.5995	-0.5982	-0.5972
2070.0	-0.5993	-0.5981	-0.5974
2085.0	-0.5994	-0.5979	-0.5972
2100.0	-0.5995	-0.5978	-0.5969
2115.0	-0.5995	-0.5979	-0.5974
2130.0	-0.5994	-0.5980	-0.5973
2145.0	-0.5994	-0.5979	-0.5971
2160.0	-0.5994	-0.5980	-0.5974
2175.0	-0.5995	-0.5981	-0.5971
2190.0	-0.5995	-0.5983	-0.5972
2205.0	-0.5995	-0.5982	-0.5972
2220.0	-0.5990	-0.5978	-0.5894
2235.0	-0.5991	-0.5976	-0.5893
2250.0	-0.5987	-0.5975	-0.5898
2265.0	-0.5987	-0.5976	-0.5897
2280.0	-0.5987	-0.5977	-0.5947
2295.0	-0.5986	-0.5975	-0.5947
2310.0	-0.5993	-0.5975	-0.5967
2325.0	-0.5992	-0.5978	-0.5971
2340.0	-0.5991	-0.5979	-0.5973
2355.0	-0.5994	-0.5983	-0.5975
2370.0	-0.5990	-0.5979	-0.5976
2385.0	-0.5989	-0.5979	-0.5973
2400.0	-0.5988	-0.5978	-0.5969
2415.0	-0.5988	-0.5979	-0.5966
2430.0	-0.5990	-0.5979	-0.5970
2445.0	-0.5988	-0.5979	-0.5970
2460.0	-0.5987	-0.5979	-0.5972
2475.0	-0.5989	-0.5980	-0.5972
2490.0	-0.5993	-0.5982	-0.5973
2505.0	-0.5993	-0.5981	-0.5970
2520.0	-0.5993	-0.5981	-0.5967
2535.0	-0.5994	-0.5979	-0.5967
2550.0	-0.5995	-0.5981	-0.5964
2565.0	-0.5995	-0.5982	-0.5968
2580.0	-0.5996	-0.5981	-0.5970
2595.0	-0.5996	-0.5982	-0.5972
2610.0	-0.5995	-0.5983	-0.5970
2625.0	-0.5995	-0.5984	-0.5974
2640.0	-0.5995	-0.5983	-0.5976
2655.0	-0.5994	-0.5983	-0.5976
2670.0	-0.5994	-0.5984	-0.5976
2685.0	-0.5994	-0.5983	-0.5971
2700.0	-0.5991	-0.5982	-0.5971
2715.0	-0.5991	-0.5981	-0.5971
2730.0	-0.5989	-0.5983	-0.5971
2745.0	-0.5988	-0.5980	-0.5971
2760.0	-0.5988	-0.5979	-0.5970
2775.0	-0.5988	-0.5978	-0.5972
2790.0	-0.5987	-0.5976	-0.5971
2805.0	-0.5991	-0.5976	-0.5971
2820.0	-0.5992	-0.5977	-0.5966
2835.0	-0.5993	-0.5977	-0.5941
2850.0	-0.5991	-0.5975	-0.5884
2865.0	-0.5990	-0.5976	-0.5878
2880.0	-0.5989	-0.5975	-0.5882
2895.0	-0.5989	-0.5976	-0.5882
2910.0	-0.5989	-0.5978	-0.5880
2925.0	-0.5988	-0.5976	-0.5880
2940.0	-0.5988	-0.5977	-0.5878
2955.0	-0.5988	-0.5979	-0.5886
2970.0	-0.5991	-0.5978	-0.5948
2985.0	-0.5990	-0.5979	-0.5949
