10.0	0.0000	0.0000	0.0000
20.0	0.0000	0.0000	0.0000
30.0	0.0000	0.0000	0.0000
40.0	0.0000	0.0000	0.0000
50.0	0.0000	0.0000	0.0000
60.0	0.0000	0.0000	0.0000
70.0	0.0000	0.0000	0.0000
80.0	0.0000	0.0000	0.0000
90.0	0.0000	0.0000	0.0000
100.0	0.0000	0.0000	0.0000
110.0	0.0000	0.0000	0.0000
120.0	0.0000	0.0000	0.0000
130.0	0.0000	0.0000	0.0000
140.0	0.0000	0.0000	0.0000
150.0	0.0000	0.0000	0.0000
160.0	0.0000	0.0000	0.0000
170.0	0.0000	0.0000	0.0000
180.0	0.0000	0.0000	0.0000
190.0	0.0000	0.0000	0.0000
200.0	0.0000	0.0000	0.0000
210.0	0.0000	0.0000	0.0000
220.0	0.0000	0.0000	0.0000
230.0	0.0000	0.0000	0.0000
240.0	0.0000	0.0000	0.0000
250.0	0.0000	0.0000	0.0000
260.0	0.0000	0.0000	0.0000
270.0	0.0000	0.0000	0.0000
280.0	0.0000	0.0000	0.0000
290.0	0.0000	0.0000	0.0000
300.0	0.0000	0.0000	0.0000
310.0	0.0000	0.0003	0.0017
320.0	0.0010	0.0039	0.0064
330.0	0.0043	0.0090	0.0178
340.0	0.0108	0.0215	0.0318
350.0	0.0198	0.0398	0.0638
360.0	0.0366	0.0704	0.1076
370.0	0.0670	0.1307	0.1779
380.0	0.0911	0.2175	0.2781
390.0	0.1301	0.2804	0.3852
400.0	0.1859	0.3548	0.4780
410.0	0.2437	0.4174	0.5543
420.0	0.2902	0.5156	0.6370
430.0	0.3237	0.5673	0.6857
440.0	0.3843	0.6208	0.8475
450.0	0.4454	0.6429	0.8624
460.0	0.5297	0.6899	0.8599
470.0	0.5732	0.7380	0.8776
480.0	0.5838	0.8010	0.8903
490.0	0.6124	0.8445	0.9113
500.0	0.6240	0.8711	0.9131
510.0	0.6702	0.8725	0.9169
520.0	0.6627	0.8676	0.9297
530.0	0.6652	0.8725	0.9337
540.0	0.6741	0.8738	0.9285
550.0	0.6916	0.8933	0.9215
560.0	0.6964	0.8913	0.9493
570.0	0.7267	0.8963	0.9390
580.0	0.7462	0.8968	0.9468
590.0	0.7480	0.9030	0.9400
600.0	0.7379	0.8984	0.9386
610.0	0.7399	0.8985	0.9452
620.0	0.7476	0.9052	0.9495
630.0	0.7520	0.9046	0.9538
640.0	0.7517	0.9074	0.9529
650.0	0.7478	0.9054	0.9622
660.0	0.7516	0.9052	0.9543
670.0	0.7536	0.9054	0.9584
680.0	0.7668	0.9047	0.9510
690.0	0.7560	0.9090	0.9570
700.0	0.7523	0.9044	0.9623
710.0	0.7634	0.9042	0.9632
720.0	0.7532	0.9014	0.9559
730.0	0.7541	0.9034	0.9622
740.0	0.7582	0.9049	0.9619
750.0	0.7608	0.9118	0.9632
760.0	0.7638	0.9103	0.9600
770.0	0.7615	0.9128	0.9644
780.0	0.7593	0.9042	0.9713
790.0	0.7595	0.9072	0.9618
800.0	0.7642	0.9085	0.9625
810.0	0.7533	0.9152	0.9586
820.0	0.7566	0.9133	0.9618
830.0	0.7575	0.9074	0.9594
840.0	0.7573	0.9051	0.9677
850.0	0.7620	0.9079	0.9663
860.0	0.7655	0.9071	0.9658
870.0	0.7619	0.9114	0.9658
880.0	0.7535	0.9090	0.9671
890.0	0.7642	0.9100	0.9654
900.0	0.7601	0.9106	0.9650
910.0	0.7639	0.9065	0.9650
920.0	0.7589	0.9031	0.9643
930.0	0.7573	0.9079	0.9633
940.0	0.7680	0.9140	0.9626
950.0	0.7664	0.9103	0.9672
960.0	0.7596	0.9105	0.9644
970.0	0.7612	0.9106	0.9661
980.0	0.7602	0.9056	0.9672
990.0	0.7625	0.9160	0.9696
1000.0	0.7597	0.9151	0.9638
1010.0	0.7646	0.9111	0.9697
1020.0	0.7618	0.9099	0.9679
1030.0	0.7558	0.9155	0.9673
1040.0	0.7548	0.9181	0.9637
1050.0	0.7621	0.9185	0.9684
1060.0	0.7598	0.9192	0.9737
1070.0	0.7675	0.9128	0.9702
1080.0	0.7528	0.9220	0.9689
1090.0	0.7628	0.9208	0.9671
1100.0	0.7580	0.9197	0.9683
1110.0	0.7652	0.9253	0.9662
1120.0	0.7647	0.9196	0.9675
1130.0	0.7647	0.9188	0.9670
1140.0	0.7649	0.9237	0.9685
1150.0	0.7569	0.9190	0.9664
1160.0	0.7607	0.9260	0.9718
1170.0	0.7594	0.9219	0.9704
1180.0	0.7584	0.9187	0.9686
1190.0	0.7762	0.9216	0.9719
1200.0	0.7606	0.9186	0.9706
1210.0	0.7679	0.9172	0.9687
1220.0	0.7554	0.9201	0.9764
1230.0	0.7638	0.9188	0.9696
1240.0	0.7691	0.9147	0.9735
1250.0	0.7650	0.9214	0.9724
1260.0	0.7586	0.9210	0.9720
1270.0	0.7660	0.9250	0.9735
1280.0	0.7640	0.9252	0.9730
1290.0	0.7689	0.9195	0.9725
1300.0	0.7646	0.9197	0.9710
1310.0	0.7544	0.9215	0.9736
1320.0	0.7613	0.9264	0.9728
1330.0	0.7645	0.9221	0.9749
1340.0	0.7613	0.9268	0.9709
1350.0	0.7673	0.9283	0.9724
1360.0	0.7635	0.9236	0.9712
1370.0	0.7693	0.9214	0.9734
1380.0	0.7584	0.9280	0.9691
1390.0	0.7615	0.9264	0.9710
1400.0	0.7583	0.9191	0.9747
1410.0	0.7629	0.9192	0.9697
1420.0	0.7592	0.9239	0.9751
1430.0	0.7640	0.9247	0.9736
1440.0	0.7630	0.9214	0.9749
1450.0	0.7672	0.9211	0.9723
1460.0	0.7692	0.9211	0.9717
1470.0	0.7654	0.9209	0.9692
1480.0	0.7625	0.9189	0.9713
1490.0	0.7633	0.9204	0.9745
1500.0	0.7654	0.9156	0.9723
1510.0	0.7645	0.9221	0.9728
1520.0	0.7600	0.9270	0.9743
1530.0	0.7655	0.9197	0.9708
1540.0	0.7651	0.9199	0.9756
1550.0	0.7661	0.9197	0.9753
1560.0	0.7628	0.9262	0.9743
1570.0	0.7604	0.9273	0.9742
1580.0	0.7640	0.9233	0.9719
1590.0	0.7620	0.9243	0.9740
1600.0	0.7661	0.9137	0.9709
1610.0	0.7662	0.9249	0.9741
1620.0	0.7657	0.9238	0.9743
1630.0	0.7657	0.9256	0.9722
1640.0	0.7561	0.9195	0.9751
1650.0	0.7637	0.9232	0.9728
1660.0	0.7629	0.9227	0.9739
1670.0	0.7673	0.9215	0.9731
1680.0	0.7646	0.9191	0.9755
1690.0	0.7662	0.9243	0.9750
1700.0	0.7641	0.9210	0.9737
1710.0	0.7603	0.9174	0.9747
1720.0	0.7613	0.9216	0.9755
1730.0	0.7566	0.9190	0.9730
1740.0	0.7636	0.9232	0.9755
1750.0	0.7593	0.9183	0.9716
1760.0	0.7664	0.9246	0.9748
1770.0	0.7585	0.9142	0.9776
1780.0	0.7677	0.9173	0.9786
1790.0	0.7601	0.9198	0.9721
1800.0	0.7637	0.9185	0.9757
1810.0	0.7575	0.9212	0.9733
1820.0	0.7592	0.9175	0.9711
1830.0	0.7609	0.9202	0.9783
1840.0	0.7665	0.9202	0.9749
1850.0	0.7585	0.9219	0.9728
1860.0	0.7567	0.9263	0.9736
1870.0	0.7645	0.9235	0.9747
1880.0	0.7673	0.9297	0.9744
1890.0	0.7728	0.9198	0.9742
1900.0	0.7643	0.9334	0.9744
1910.0	0.7635	0.9176	0.9758
1920.0	0.7591	0.9248	0.9728
1930.0	0.7640	0.9261	0.9738
1940.0	0.7615	0.9273	0.9750
1950.0	0.7681	0.9222	0.9747
1960.0	0.7668	0.9243	0.9743
1970.0	0.7661	0.9184	0.9739
1980.0	0.7630	0.9221	0.9728
1990.0	0.7682	0.9303	0.9753
