10.0	0.0003	0.0051	0.0080
20.0	0.0022	0.0048	0.0074
30.0	0.0030	0.0055	0.0081
40.0	0.0033	0.0050	0.0079
50.0	0.0036	0.0054	0.0080
60.0	0.0039	0.0066	0.0073
70.0	0.0039	0.0062	0.0076
80.0	0.0041	0.0061	0.0076
90.0	0.0038	0.0055	0.0074
100.0	0.0042	0.0056	0.0077
110.0	0.0040	0.0054	0.0075
120.0	0.0041	0.0057	0.0073
130.0	0.0041	0.0053	0.0072
140.0	0.0043	0.0056	0.0072
150.0	0.0043	0.0058	0.0074
160.0	0.0048	0.0057	0.0078
170.0	0.0050	0.0061	0.0077
180.0	0.0055	0.0062	0.0074
190.0	0.0053	0.0064	0.0078
200.0	0.0052	0.0063	0.0078
210.0	0.0052	0.0063	0.0077
220.0	0.0051	0.0062	0.0075
230.0	0.0051	0.0060	0.0075
240.0	0.0053	0.0065	0.0077
250.0	0.0053	0.0064	0.0076
260.0	0.0052	0.0063	0.0074
270.0	0.0051	0.0065	0.0076
280.0	0.0051	0.0062	0.0074
290.0	0.0052	0.0063	0.0074
300.0	0.0051	0.0063	0.0072
310.0	0.0051	0.0061	0.0071
320.0	0.0052	0.0061	0.0070
330.0	0.0053	0.0060	0.0069
340.0	0.0052	0.0059	0.0067
350.0	0.0053	0.0059	0.0068
360.0	0.0053	0.0058	0.0068
370.0	0.0052	0.0057	0.0067
380.0	0.0050	0.0056	0.0068
390.0	0.0050	0.0055	0.0069
400.0	0.0051	0.0055	0.0067
410.0	0.0050	0.0055	0.0066
420.0	0.0049	0.0054	0.0071
430.0	0.0048	0.0055	0.0072
440.0	0.0047	0.0054	0.0071
450.0	0.0047	0.0054	0.0069
460.0	0.0047	0.0054	0.0069
470.0	0.0046	0.0053	0.0068
480.0	0.0046	0.0053	0.0069
490.0	0.0045	0.0052	0.0070
500.0	0.0046	0.0054	0.0070
510.0	0.0045	0.0053	0.0069
520.0	0.0044	0.0052	0.0068
530.0	0.0046	0.0052	0.0067
540.0	0.0045	0.0052	0.0066
550.0	0.0045	0.0053	0.0066
560.0	0.0044	0.0052	0.0067
570.0	0.0043	0.0052	0.0067
580.0	0.0043	0.0051	0.0066
590.0	0.0042	0.0053	0.0068
600.0	0.0042	0.0052	0.0067
610.0	0.0042	0.0051	0.0068
620.0	0.0041	0.0051	0.0067
630.0	0.0041	0.0051	0.0066
640.0	0.0040	0.0051	0.0065
650.0	0.0041	0.0051	0.0065
660.0	0.0041	0.0050	0.0066
670.0	0.0040	0.0050	0.0066
680.0	0.0040	0.0049	0.0066
690.0	0.0040	0.0049	0.0066
700.0	0.0039	0.0048	0.0065
710.0	0.0039	0.0048	0.0068
720.0	0.0039	0.0048	0.0068
730.0	0.0039	0.0047	0.0070
740.0	0.0039	0.0048	0.0070
750.0	0.0039	0.0048	0.0072
760.0	0.0039	0.0048	0.0071
770.0	0.0038	0.0049	0.0073
780.0	0.0039	0.0048	0.0078
790.0	0.0038	0.0048	0.0079
800.0	0.0038	0.0047	0.0079
810.0	0.0039	0.0049	0.0083
820.0	0.0039	0.0048	0.0083
830.0	0.0039	0.0048	0.0083
840.0	0.0038	0.0048	0.0086
850.0	0.0038	0.0048	0.0090
860.0	0.0037	0.0048	0.0091
870.0	0.0037	0.0048	0.0093
880.0	0.0037	0.0047	0.0092
890.0	0.0036	0.0048	0.0093
900.0	0.0037	0.0048	0.0094
910.0	0.0037	0.0048	0.0095
920.0	0.0037	0.0048	0.0096
930.0	0.0037	0.0050	0.0096
940.0	0.0036	0.0050	0.0095
950.0	0.0037	0.0050	0.0096
960.0	0.0037	0.0051	0.0100
970.0	0.0037	0.0051	0.0101
980.0	0.0036	0.0051	0.0104
990.0	0.0036	0.0050	0.0104
1000.0	0.0035	0.0050	0.0104
1010.0	0.0035	0.0051	0.0103
1020.0	0.0035	0.0050	0.0108
1030.0	0.0034	0.0052	0.0111
1040.0	0.0035	0.0052	0.0112
1050.0	0.0035	0.0052	0.0112
1060.0	0.0036	0.0051	0.0114
1070.0	0.0036	0.0053	0.0116
1080.0	0.0037	0.0051	0.0117
1090.0	0.0037	0.0051	0.0126
1100.0	0.0037	0.0051	0.0125
1110.0	0.0037	0.0050	0.0127
1120.0	0.0037	0.0051	0.0127
1130.0	0.0037	0.0051	0.0128
1140.0	0.0036	0.0051	0.0129
1150.0	0.0036	0.0052	0.0129
1160.0	0.0036	0.0054	0.0130
1170.0	0.0035	0.0057	0.0131
1180.0	0.0036	0.0057	0.0133
1190.0	0.0036	0.0056	0.0133
1200.0	0.0036	0.0056	0.0139
1210.0	0.0036	0.0056	0.0143
1220.0	0.0034	0.0056	0.0149
1230.0	0.0035	0.0056	0.0155
1240.0	0.0035	0.0055	0.0154
1250.0	0.0034	0.0055	0.0157
1260.0	0.0034	0.0055	0.0158
1270.0	0.0035	0.0056	0.0164
1280.0	0.0035	0.0056	0.0165
1290.0	0.0035	0.0059	0.0167
1300.0	0.0035	0.0059	0.0167
1310.0	0.0034	0.0059	0.0172
1320.0	0.0034	0.0061	0.0175
1330.0	0.0034	0.0061	0.0183
1340.0	0.0035	0.0061	0.0185
1350.0	0.0035	0.0061	0.0190
1360.0	0.0035	0.0061	0.0195
1370.0	0.0034	0.0065	0.0197
1380.0	0.0034	0.0066	0.0200
1390.0	0.0033	0.0066	0.0202
1400.0	0.0034	0.0066	0.0204
1410.0	0.0034	0.0068	0.0210
1420.0	0.0034	0.0070	0.0211
1430.0	0.0034	0.0073	0.0217
1440.0	0.0034	0.0075	0.0220
1450.0	0.0034	0.0076	0.0229
1460.0	0.0034	0.0075	0.0231
1470.0	0.0033	0.0075	0.0237
1480.0	0.0034	0.0078	0.0243
1490.0	0.0034	0.0078	0.0247
1500.0	0.0034	0.0082	0.0252
1510.0	0.0034	0.0085	0.0252
1520.0	0.0034	0.0087	0.0258
1530.0	0.0035	0.0094	0.0259
1540.0	0.0035	0.0095	0.0261
1550.0	0.0036	0.0095	0.0267
1560.0	0.0037	0.0095	0.0275
1570.0	0.0036	0.0098	0.0275
1580.0	0.0036	0.0098	0.0277
1590.0	0.0035	0.0098	0.0280
1600.0	0.0037	0.0099	0.0287
1610.0	0.0037	0.0099	0.0298
1620.0	0.0038	0.0103	0.0306
1630.0	0.0038	0.0104	0.0314
1640.0	0.0039	0.0107	0.0316
1650.0	0.0039	0.0112	0.0319
1660.0	0.0039	0.0113	0.0336
1670.0	0.0040	0.0113	0.0343
1680.0	0.0040	0.0113	0.0351
1690.0	0.0040	0.0115	0.0364
1700.0	0.0041	0.0120	0.0369
1710.0	0.0040	0.0124	0.0384
1720.0	0.0040	0.0124	0.0392
1730.0	0.0040	0.0122	0.0401
1740.0	0.0040	0.0123	0.0413
1750.0	0.0040	0.0128	0.0418
1760.0	0.0039	0.0134	0.0435
1770.0	0.0040	0.0138	0.0447
1780.0	0.0041	0.0139	0.0456
1790.0	0.0041	0.0138	0.0463
1800.0	0.0043	0.0138	0.0473
1810.0	0.0042	0.0142	0.0481
1820.0	0.0043	0.0142	0.0498
1830.0	0.0043	0.0142	0.0508
1840.0	0.0043	0.0146	0.0515
1850.0	0.0042	0.0149	0.0525
1860.0	0.0043	0.0151	0.0541
1870.0	0.0043	0.0152	0.0551
1880.0	0.0043	0.0152	0.0558
1890.0	0.0043	0.0156	0.0562
1900.0	0.0043	0.0158	0.0572
1910.0	0.0043	0.0160	0.0591
1920.0	0.0042	0.0161	0.0599
1930.0	0.0042	0.0161	0.0604
1940.0	0.0043	0.0159	0.0618
1950.0	0.0043	0.0158	0.0623
1960.0	0.0043	0.0158	0.0634
1970.0	0.0043	0.0158	0.0642
1980.0	0.0044	0.0159	0.0649
1990.0	0.0044	0.0165	0.0658
