10.0	0.0010	0.0053	0.0108
20.0	0.0021	0.0044	0.0108
30.0	0.0012	0.0074	0.0197
40.0	0.0022	0.0136	0.0304
50.0	0.0078	0.0116	0.0429
60.0	0.0038	0.0167	0.0435
70.0	0.0095	0.0206	0.0658
80.0	0.0109	0.0320	0.0872
90.0	0.0069	0.0333	0.1504
100.0	0.0252	0.0850	0.1589
110.0	0.0208	0.0813	0.2511
120.0	0.0231	0.1401	0.3006
130.0	0.0358	0.2294	0.3803
140.0	0.1013	0.2890	0.5456
150.0	0.0910	0.2594	0.6127
160.0	0.1431	0.3987	0.7199
170.0	0.1835	0.4288	0.7714
180.0	0.1651	0.4767	0.7825
190.0	0.1788	0.5633	0.8664
200.0	0.3006	0.5675	0.8589
210.0	0.3730	0.5841	0.9211
220.0	0.3609	0.6647	0.9304
230.0	0.4127	0.6557	0.9080
240.0	0.6126	0.7271	0.9433
250.0	0.5472	0.7364	0.9123
260.0	0.5993	0.7793	0.8984
270.0	0.6274	0.7880	0.9224
280.0	0.5909	0.8798	0.9304
290.0	0.5830	0.8528	0.9413
300.0	0.6391	0.8754	0.9420
310.0	0.6530	0.8797	0.9436
320.0	0.6881	0.8552	0.9541
330.0	0.6431	0.8640	0.9464
340.0	0.6657	0.8516	0.9404
350.0	0.6393	0.8744	0.9457
360.0	0.7106	0.8899	0.9414
370.0	0.7283	0.8788	0.9433
380.0	0.6466	0.8905	0.9527
390.0	0.7057	0.8883	0.9501
400.0	0.7318	0.8733	0.9576
410.0	0.6744	0.8631	0.9565
420.0	0.7268	0.8750	0.9502
430.0	0.7315	0.8934	0.9557
440.0	0.7484	0.9028	0.9604
450.0	0.7480	0.8965	0.9520
460.0	0.7549	0.8837	0.9515
470.0	0.7391	0.9020	0.9586
480.0	0.7474	0.8778	0.9590
490.0	0.7470	0.8666	0.9566
500.0	0.7517	0.8786	0.9518
510.0	0.7454	0.8801	0.9594
520.0	0.7483	0.8910	0.9627
530.0	0.7502	0.8703	0.9581
540.0	0.7536	0.8527	0.9507
550.0	0.7551	0.8960	0.9528
560.0	0.7505	0.9015	0.9555
570.0	0.7552	0.8996	0.9637
580.0	0.7516	0.9072	0.9618
590.0	0.7575	0.9145	0.9558
600.0	0.7566	0.9046	0.9601
610.0	0.7531	0.8743	0.9566
620.0	0.7594	0.8797	0.9511
630.0	0.7611	0.8689	0.9531
640.0	0.7870	0.8960	0.9657
650.0	0.7821	0.9024	0.9610
660.0	0.7761	0.8842	0.9566
670.0	0.7637	0.9073	0.9641
680.0	0.7805	0.9044	0.9489
690.0	0.7488	0.8782	0.9554
700.0	0.7700	0.9305	0.9523
710.0	0.7963	0.9039	0.9591
720.0	0.7956	0.8888	0.9479
730.0	0.7888	0.8953	0.9530
740.0	0.7966	0.8955	0.9492
750.0	0.7957	0.8843	0.9648
760.0	0.8008	0.9033	0.9552
770.0	0.7999	0.8874	0.9497
780.0	0.8011	0.9186	0.9539
790.0	0.8091	0.9162	0.9563
800.0	0.8002	0.8826	0.9591
810.0	0.7882	0.9182	0.9571
820.0	0.7951	0.9081	0.9532
830.0	0.8015	0.8851	0.9534
840.0	0.8051	0.9206	0.9597
850.0	0.8033	0.9125	0.9442
860.0	0.7988	0.8954	0.9584
870.0	0.8028	0.9029	0.9583
880.0	0.7853	0.9224	0.9544
890.0	0.7885	0.9181	0.9573
900.0	0.8067	0.9154	0.9585
910.0	0.8104	0.9174	0.9563
920.0	0.8165	0.8967	0.9586
930.0	0.7989	0.9031	0.9563
940.0	0.8026	0.8960	0.9545
950.0	0.8051	0.9228	0.9534
960.0	0.7977	0.8988	0.9569
970.0	0.7932	0.9266	0.9575
980.0	0.8029	0.9101	0.9668
990.0	0.8112	0.9284	0.9582
1000.0	0.8054	0.9290	0.9553
1010.0	0.8105	0.9016	0.9620
1020.0	0.8107	0.9006	0.9483
1030.0	0.8104	0.8998	0.9484
1040.0	0.8115	0.9289	0.9553
1050.0	0.8130	0.9126	0.9625
1060.0	0.7994	0.9279	0.9603
1070.0	0.8208	0.9310	0.9658
1080.0	0.8250	0.9115	0.9590
1090.0	0.8164	0.8826	0.9585
1100.0	0.8283	0.9017	0.9633
1110.0	0.8104	0.9159	0.9535
1120.0	0.8255	0.9317	0.9617
1130.0	0.7997	0.8989	0.9509
1140.0	0.8301	0.9202	0.9488
1150.0	0.8297	0.9290	0.9542
1160.0	0.8304	0.8892	0.9574
1170.0	0.8208	0.9019	0.9547
1180.0	0.8251	0.9139	0.9578
1190.0	0.8234	0.9200	0.9575
1200.0	0.8271	0.9284	0.9619
1210.0	0.8139	0.9148	0.9541
1220.0	0.8288	0.9022	0.9547
1230.0	0.8142	0.9080	0.9418
1240.0	0.8119	0.9303	0.9607
1250.0	0.8268	0.9112	0.9578
1260.0	0.8241	0.9230	0.9587
1270.0	0.8235	0.8955	0.9544
1280.0	0.8265	0.9216	0.9637
1290.0	0.8217	0.9083	0.9660
1300.0	0.8315	0.8957	0.9567
1310.0	0.8388	0.9191	0.9568
1320.0	0.8264	0.9192	0.9644
1330.0	0.8348	0.9321	0.9616
1340.0	0.8522	0.9081	0.9586
1350.0	0.8553	0.9246	0.9598
1360.0	0.8640	0.9276	0.9585
1370.0	0.8663	0.9245	0.9592
1380.0	0.8692	0.9285	0.9565
1390.0	0.8332	0.9156	0.9557
1400.0	0.8572	0.9113	0.9650
1410.0	0.8458	0.9214	0.9605
1420.0	0.8551	0.9120	0.9608
1430.0	0.8476	0.8961	0.9376
1440.0	0.8644	0.9207	0.9433
1450.0	0.8577	0.9210	0.9502
1460.0	0.8586	0.9328	0.9560
1470.0	0.8561	0.9294	0.9664
1480.0	0.8652	0.9246	0.9629
1490.0	0.8783	0.9284	0.9637
1500.0	0.8819	0.9301	0.9618
1510.0	0.8680	0.9250	0.9627
1520.0	0.8811	0.9413	0.9659
1530.0	0.8683	0.9325	0.9501
1540.0	0.8838	0.9272	0.9666
1550.0	0.8854	0.9419	0.9643
1560.0	0.8797	0.9439	0.9682
1570.0	0.8874	0.9328	0.9586
1580.0	0.8623	0.9292	0.9716
1590.0	0.8719	0.9357	0.9633
1600.0	0.8721	0.9417	0.9587
1610.0	0.8711	0.9338	0.9634
1620.0	0.8802	0.9452	0.9719
1630.0	0.8750	0.9453	0.9744
1640.0	0.8617	0.9336	0.9625
1650.0	0.8764	0.9443	0.9678
1660.0	0.8862	0.9408	0.9663
1670.0	0.8882	0.9398	0.9711
1680.0	0.8801	0.9462	0.9669
1690.0	0.8687	0.9301	0.9655
1700.0	0.8671	0.9373	0.9693
1710.0	0.8632	0.9435	0.9522
1720.0	0.8803	0.9323	0.9794
1730.0	0.8825	0.9209	0.9605
1740.0	0.8840	0.9345	0.9646
1750.0	0.8807	0.9275	0.9608
1760.0	0.8818	0.9238	0.9677
1770.0	0.8801	0.9303	0.9809
1780.0	0.8732	0.9444	0.9679
1790.0	0.8876	0.9446	0.9589
1800.0	0.8826	0.9474	0.9622
1810.0	0.8863	0.9307	0.9645
1820.0	0.8822	0.9423	0.9818
1830.0	0.8778	0.9387	0.9671
1840.0	0.8648	0.9496	0.9743
1850.0	0.8827	0.9509	0.9765
1860.0	0.8749	0.9475	0.9798
1870.0	0.8722	0.9373	0.9828
1880.0	0.8851	0.9470	0.9695
1890.0	0.8739	0.9381	0.9567
1900.0	0.8868	0.9370	0.9800
1910.0	0.8834	0.9474	0.9601
1920.0	0.8665	0.9519	0.9730
1930.0	0.8809	0.9520	0.9758
1940.0	0.8867	0.9365	0.9517
1950.0	0.8825	0.9359	0.9686
1960.0	0.8825	0.9387	0.9643
1970.0	0.8769	0.9386	0.9741
1980.0	0.8802	0.9231	0.9686
1990.0	0.8886	0.9510	0.9748
