10.0	0.0839	0.0893	0.1004
20.0	0.0791	0.0888	0.0966
30.0	0.0873	0.0939	0.1071
40.0	0.0922	0.0980	0.1130
50.0	0.0940	0.0986	0.1199
60.0	0.0949	0.1088	0.1239
70.0	0.1023	0.1108	0.1259
80.0	0.1105	0.1129	0.1333
90.0	0.1171	0.1213	0.1371
100.0	0.1226	0.1266	0.1461
110.0	0.1288	0.1329	0.1529
120.0	0.1357	0.1409	0.1569
130.0	0.1456	0.1491	0.1625
140.0	0.1523	0.1548	0.1684
150.0	0.1579	0.1635	0.1760
160.0	0.1634	0.1693	0.1843
170.0	0.1694	0.1767	0.1946
180.0	0.1779	0.1820	0.1997
190.0	0.1846	0.1888	0.2031
200.0	0.1946	0.2037	0.2119
210.0	0.2077	0.2201	0.2292
220.0	0.2209	0.2373	0.2471
230.0	0.2295	0.2519	0.2665
240.0	0.2365	0.2659	0.2850
250.0	0.2438	0.2812	0.3004
260.0	0.2607	0.2938	0.3150
270.0	0.2734	0.3044	0.3298
280.0	0.2873	0.3200	0.3363
290.0	0.2997	0.3375	0.3529
300.0	0.3107	0.3435	0.3682
310.0	0.3201	0.3459	0.3814
320.0	0.3297	0.3526	0.4051
330.0	0.3356	0.3575	0.4198
340.0	0.3394	0.3625	0.4316
350.0	0.3454	0.3676	0.4409
360.0	0.3494	0.3731	0.4475
370.0	0.3555	0.3779	0.4535
380.0	0.3638	0.3819	0.4635
390.0	0.3671	0.3838	0.4718
400.0	0.3696	0.3923	0.4782
410.0	0.3718	0.4009	0.4850
420.0	0.3737	0.4074	0.4889
430.0	0.3837	0.4154	0.4989
440.0	0.3917	0.4218	0.5031
450.0	0.4034	0.4265	0.5043
460.0	0.4078	0.4309	0.5039
470.0	0.4100	0.4376	0.5066
480.0	0.4114	0.4401	0.5116
490.0	0.4147	0.4424	0.5170
500.0	0.4165	0.4444	0.5229
510.0	0.4197	0.4494	0.5348
520.0	0.4201	0.4525	0.5415
530.0	0.4197	0.4533	0.5487
540.0	0.4255	0.4586	0.5572
550.0	0.4266	0.4624	0.5610
560.0	0.4282	0.4617	0.5662
570.0	0.4310	0.4645	0.5670
580.0	0.4326	0.4700	0.5659
590.0	0.4334	0.4732	0.5661
600.0	0.4341	0.4752	0.5646
610.0	0.4316	0.4747	0.5646
620.0	0.4291	0.4718	0.5614
630.0	0.4286	0.4715	0.5581
640.0	0.4309	0.4689	0.5549
650.0	0.4394	0.4682	0.5539
660.0	0.4436	0.4714	0.5549
670.0	0.4521	0.4749	0.5522
680.0	0.4558	0.4749	0.5537
690.0	0.4595	0.4743	0.5517
700.0	0.4654	0.4777	0.5541
710.0	0.4728	0.4810	0.5569
720.0	0.4750	0.4866	0.5610
730.0	0.4779	0.4887	0.5654
740.0	0.4774	0.4908	0.5687
750.0	0.4738	0.4906	0.5744
760.0	0.4696	0.4888	0.5751
770.0	0.4670	0.4897	0.5802
780.0	0.4665	0.4902	0.5817
790.0	0.4700	0.4938	0.5854
800.0	0.4705	0.5009	0.5893
810.0	0.4684	0.5052	0.5887
820.0	0.4697	0.5076	0.5904
830.0	0.4701	0.5064	0.5915
840.0	0.4706	0.5075	0.5884
850.0	0.4709	0.5079	0.5882
860.0	0.4674	0.5059	0.5907
870.0	0.4649	0.5043	0.5909
880.0	0.4645	0.5028	0.5944
890.0	0.4613	0.5047	0.5979
900.0	0.4597	0.5067	0.6034
910.0	0.4576	0.5055	0.6084
920.0	0.4561	0.5075	0.6140
930.0	0.4550	0.5087	0.6189
940.0	0.4556	0.5093	0.6192
950.0	0.4574	0.5102	0.6172
960.0	0.4562	0.5089	0.6142
970.0	0.4588	0.5026	0.6110
980.0	0.4604	0.4982	0.6088
990.0	0.4627	0.4976	0.6038
1000.0	0.4655	0.4984	0.6016
1010.0	0.4653	0.4971	0.6006
1020.0	0.4660	0.4941	0.6005
1030.0	0.4698	0.4916	0.5992
1040.0	0.4706	0.4924	0.5991
1050.0	0.4714	0.4954	0.6004
1060.0	0.4747	0.4980	0.5975
1070.0	0.4786	0.5022	0.5972
1080.0	0.4773	0.5047	0.5913
1090.0	0.4754	0.5096	0.5856
1100.0	0.4755	0.5154	0.5869
1110.0	0.4816	0.5224	0.5870
1120.0	0.4900	0.5230	0.5919
1130.0	0.4918	0.5198	0.6000
1140.0	0.4961	0.5181	0.6065
1150.0	0.4947	0.5212	0.6124
1160.0	0.4919	0.5240	0.6124
1170.0	0.4900	0.5283	0.6139
1180.0	0.4917	0.5279	0.6118
1190.0	0.4923	0.5309	0.6108
1200.0	0.4930	0.5318	0.6109
1210.0	0.4944	0.5308	0.6129
1220.0	0.4958	0.5330	0.6104
1230.0	0.4975	0.5320	0.6114
1240.0	0.5016	0.5355	0.6119
1250.0	0.5025	0.5366	0.6149
1260.0	0.5058	0.5364	0.6174
1270.0	0.5088	0.5381	0.6146
1280.0	0.5090	0.5415	0.6162
1290.0	0.5116	0.5468	0.6128
1300.0	0.5149	0.5497	0.6129
1310.0	0.5181	0.5514	0.6170
1320.0	0.5196	0.5542	0.6232
1330.0	0.5176	0.5543	0.6277
1340.0	0.5201	0.5518	0.6343
1350.0	0.5213	0.5491	0.6401
1360.0	0.5216	0.5462	0.6415
1370.0	0.5215	0.5441	0.6411
1380.0	0.5202	0.5408	0.6361
1390.0	0.5158	0.5401	0.6327
1400.0	0.5124	0.5377	0.6270
1410.0	0.5101	0.5354	0.6251
1420.0	0.5104	0.5382	0.6215
1430.0	0.5105	0.5382	0.6218
1440.0	0.5077	0.5375	0.6220
1450.0	0.5049	0.5381	0.6227
1460.0	0.5034	0.5398	0.6236
1470.0	0.4996	0.5409	0.6241
1480.0	0.5019	0.5426	0.6291
1490.0	0.5014	0.5467	0.6310
1500.0	0.5026	0.5504	0.6319
1510.0	0.5044	0.5510	0.6338
1520.0	0.5061	0.5535	0.6325
1530.0	0.5100	0.5568	0.6323
1540.0	0.5105	0.5569	0.6342
1550.0	0.5124	0.5551	0.6352
1560.0	0.5107	0.5526	0.6360
1570.0	0.5106	0.5492	0.6454
1580.0	0.5089	0.5475	0.6547
1590.0	0.5092	0.5426	0.6572
1600.0	0.5074	0.5413	0.6553
1610.0	0.5015	0.5436	0.6558
1620.0	0.4983	0.5431	0.6510
1630.0	0.4943	0.5442	0.6462
1640.0	0.4952	0.5440	0.6436
1650.0	0.4938	0.5403	0.6378
1660.0	0.4933	0.5394	0.6371
1670.0	0.4931	0.5402	0.6356
1680.0	0.4946	0.5464	0.6336
1690.0	0.4986	0.5486	0.6318
1700.0	0.5067	0.5534	0.6284
1710.0	0.5074	0.5585	0.6231
1720.0	0.5112	0.5633	0.6211
1730.0	0.5179	0.5647	0.6188
1740.0	0.5177	0.5669	0.6165
1750.0	0.5248	0.5664	0.6147
1760.0	0.5284	0.5663	0.6145
1770.0	0.5298	0.5696	0.6182
1780.0	0.5308	0.5728	0.6285
1790.0	0.5295	0.5744	0.6488
1800.0	0.5264	0.5760	0.6608
1810.0	0.5230	0.5778	0.6716
1820.0	0.5262	0.5822	0.6678
1830.0	0.5267	0.5893	0.6646
1840.0	0.5279	0.5911	0.6595
1850.0	0.5301	0.5932	0.6593
1860.0	0.5276	0.5911	0.6539
1870.0	0.5266	0.5894	0.6486
1880.0	0.5286	0.5915	0.6464
1890.0	0.5343	0.5932	0.6489
1900.0	0.5349	0.5910	0.6554
1910.0	0.5330	0.5888	0.6572
1920.0	0.5308	0.5875	0.6626
1930.0	0.5288	0.5868	0.6627
1940.0	0.5300	0.5865	0.6648
1950.0	0.5288	0.5851	0.6615
1960.0	0.5270	0.5826	0.6636
1970.0	0.5260	0.5828	0.6618
1980.0	0.5263	0.5826	0.6637
1990.0	0.5261	0.5827	0.6660
