10.0	0.0749	0.0946	0.0991
20.0	0.0874	0.0927	0.0964
30.0	0.0879	0.0916	0.0980
40.0	0.0892	0.0959	0.1038
50.0	0.0953	0.1058	0.1173
60.0	0.0978	0.1097	0.1212
70.0	0.1025	0.1147	0.1298
80.0	0.1153	0.1241	0.1370
90.0	0.1214	0.1312	0.1451
100.0	0.1333	0.1417	0.1526
110.0	0.1474	0.1506	0.1620
120.0	0.1564	0.1652	0.1690
130.0	0.1633	0.1750	0.1768
140.0	0.1738	0.1826	0.1871
150.0	0.1826	0.1931	0.1988
160.0	0.1930	0.2035	0.2093
170.0	0.2011	0.2163	0.2207
180.0	0.2085	0.2264	0.2459
190.0	0.2291	0.2395	0.2681
200.0	0.2596	0.2630	0.2921
210.0	0.2756	0.2925	0.3156
220.0	0.2958	0.3111	0.3479
230.0	0.3084	0.3287	0.3744
240.0	0.3215	0.3447	0.4021
250.0	0.3408	0.3619	0.4326
260.0	0.3517	0.3782	0.4607
270.0	0.3625	0.3902	0.4768
280.0	0.3741	0.4029	0.4892
290.0	0.3831	0.4151	0.5036
300.0	0.3874	0.4264	0.5162
310.0	0.3902	0.4336	0.5281
320.0	0.3925	0.4410	0.5387
330.0	0.4014	0.4484	0.5492
340.0	0.4117	0.4498	0.5595
350.0	0.4196	0.4521	0.5701
360.0	0.4238	0.4521	0.5775
370.0	0.4303	0.4552	0.5898
380.0	0.4369	0.4584	0.5958
390.0	0.4419	0.4654	0.6013
400.0	0.4388	0.4742	0.6073
410.0	0.4411	0.4856	0.6084
420.0	0.4435	0.4877	0.6132
430.0	0.4444	0.4952	0.6133
440.0	0.4462	0.5018	0.6099
450.0	0.4507	0.5050	0.6091
460.0	0.4556	0.5068	0.6064
470.0	0.4581	0.5085	0.6141
480.0	0.4556	0.5133	0.6176
490.0	0.4608	0.5134	0.6268
500.0	0.4632	0.5155	0.6359
510.0	0.4635	0.5189	0.6351
520.0	0.4669	0.5224	0.6377
530.0	0.4699	0.5248	0.6412
540.0	0.4737	0.5276	0.6464
550.0	0.4762	0.5284	0.6500
560.0	0.4775	0.5299	0.6547
570.0	0.4746	0.5311	0.6574
580.0	0.4766	0.5294	0.6508
590.0	0.4764	0.5284	0.6459
600.0	0.4746	0.5297	0.6476
610.0	0.4766	0.5257	0.6506
620.0	0.4775	0.5259	0.6504
630.0	0.4782	0.5271	0.6522
640.0	0.4788	0.5308	0.6455
650.0	0.4783	0.5316	0.6413
660.0	0.4823	0.5353	0.6406
670.0	0.4887	0.5393	0.6382
680.0	0.4965	0.5443	0.6357
690.0	0.4991	0.5480	0.6343
700.0	0.5051	0.5510	0.6347
710.0	0.5084	0.5535	0.6427
720.0	0.5117	0.5555	0.6478
730.0	0.5142	0.5574	0.6489
740.0	0.5150	0.5583	0.6485
750.0	0.5195	0.5580	0.6481
760.0	0.5213	0.5562	0.6429
770.0	0.5231	0.5526	0.6375
780.0	0.5171	0.5473	0.6355
790.0	0.5145	0.5490	0.6333
800.0	0.5121	0.5485	0.6366
810.0	0.5138	0.5490	0.6376
820.0	0.5136	0.5480	0.6397
830.0	0.5117	0.5491	0.6391
840.0	0.5117	0.5537	0.6406
850.0	0.5116	0.5559	0.6415
860.0	0.5206	0.5549	0.6409
870.0	0.5217	0.5592	0.6412
880.0	0.5267	0.5617	0.6417
890.0	0.5287	0.5659	0.6473
900.0	0.5280	0.5669	0.6544
910.0	0.5317	0.5687	0.6529
920.0	0.5329	0.5663	0.6603
930.0	0.5336	0.5693	0.6614
940.0	0.5313	0.5667	0.6641
950.0	0.5297	0.5673	0.6594
960.0	0.5279	0.5697	0.6574
970.0	0.5317	0.5696	0.6549
980.0	0.5377	0.5698	0.6507
990.0	0.5466	0.5739	0.6477
1000.0	0.5501	0.5721	0.6503
1010.0	0.5563	0.5715	0.6516
1020.0	0.5578	0.5740	0.6528
1030.0	0.5583	0.5809	0.6554
1040.0	0.5566	0.5860	0.6565
1050.0	0.5528	0.5877	0.6549
1060.0	0.5509	0.5908	0.6506
1070.0	0.5509	0.5966	0.6474
1080.0	0.5520	0.6018	0.6520
1090.0	0.5533	0.6082	0.6542
1100.0	0.5540	0.6109	0.6566
1110.0	0.5560	0.6116	0.6546
1120.0	0.5556	0.6119	0.6530
1130.0	0.5554	0.6111	0.6511
1140.0	0.5563	0.6099	0.6514
1150.0	0.5538	0.6070	0.6543
1160.0	0.5507	0.6050	0.6587
1170.0	0.5489	0.6064	0.6683
1180.0	0.5511	0.6095	0.6745
1190.0	0.5540	0.6171	0.6792
1200.0	0.5530	0.6277	0.6818
1210.0	0.5561	0.6364	0.6807
1220.0	0.5598	0.6421	0.6796
1230.0	0.5598	0.6471	0.6797
1240.0	0.5578	0.6500	0.6786
1250.0	0.5574	0.6480	0.6824
1260.0	0.5566	0.6489	0.6850
1270.0	0.5547	0.6484	0.6862
1280.0	0.5570	0.6451	0.6871
1290.0	0.5588	0.6418	0.6873
1300.0	0.5600	0.6393	0.6863
1310.0	0.5656	0.6388	0.6863
1320.0	0.5713	0.6368	0.6843
1330.0	0.5704	0.6394	0.6855
1340.0	0.5673	0.6384	0.6842
1350.0	0.5651	0.6405	0.6841
1360.0	0.5624	0.6423	0.6836
1370.0	0.5591	0.6422	0.6831
1380.0	0.5537	0.6466	0.6782
1390.0	0.5503	0.6540	0.6729
1400.0	0.5472	0.6521	0.6707
1410.0	0.5474	0.6498	0.6715
1420.0	0.5470	0.6519	0.6740
1430.0	0.5484	0.6481	0.6747
1440.0	0.5475	0.6453	0.6775
1450.0	0.5458	0.6466	0.6763
1460.0	0.5480	0.6478	0.6756
1470.0	0.5494	0.6482	0.6738
1480.0	0.5505	0.6479	0.6736
1490.0	0.5501	0.6514	0.6746
1500.0	0.5536	0.6539	0.6769
1510.0	0.5574	0.6554	0.6810
1520.0	0.5574	0.6561	0.6783
1530.0	0.5582	0.6556	0.6764
1540.0	0.5580	0.6545	0.6770
1550.0	0.5578	0.6571	0.6787
1560.0	0.5571	0.6539	0.6844
1570.0	0.5615	0.6533	0.6893
1580.0	0.5617	0.6514	0.6860
1590.0	0.5619	0.6557	0.6847
1600.0	0.5642	0.6579	0.6872
1610.0	0.5629	0.6599	0.6877
1620.0	0.5637	0.6604	0.6883
1630.0	0.5644	0.6635	0.6896
1640.0	0.5613	0.6644	0.6924
1650.0	0.5594	0.6665	0.6969
1660.0	0.5595	0.6686	0.6999
1670.0	0.5582	0.6714	0.7045
1680.0	0.5572	0.6693	0.7069
1690.0	0.5543	0.6701	0.7077
1700.0	0.5579	0.6688	0.7067
1710.0	0.5621	0.6677	0.7039
1720.0	0.5606	0.6680	0.7017
1730.0	0.5643	0.6671	0.7007
1740.0	0.5649	0.6675	0.6968
1750.0	0.5658	0.6673	0.6915
1760.0	0.5678	0.6681	0.6886
1770.0	0.5711	0.6692	0.6882
1780.0	0.5734	0.6674	0.6858
1790.0	0.5785	0.6664	0.6866
1800.0	0.5783	0.6690	0.6883
1810.0	0.5792	0.6666	0.6863
1820.0	0.5796	0.6608	0.6786
1830.0	0.5793	0.6617	0.6749
1840.0	0.5791	0.6648	0.6735
1850.0	0.5782	0.6665	0.6707
1860.0	0.5756	0.6644	0.6719
1870.0	0.5723	0.6654	0.6710
1880.0	0.5718	0.6619	0.6730
1890.0	0.5705	0.6612	0.6761
1900.0	0.5699	0.6627	0.6761
1910.0	0.5672	0.6664	0.6758
1920.0	0.5632	0.6682	0.6790
1930.0	0.5636	0.6655	0.6807
1940.0	0.5662	0.6655	0.6817
1950.0	0.5682	0.6650	0.6893
1960.0	0.5653	0.6638	0.6926
1970.0	0.5602	0.6617	0.6941
1980.0	0.5602	0.6586	0.6904
1990.0	0.5604	0.6565	0.6917
